ymmsl_version: v0.1

model:
  name: reaction_diffusion

settings:
  micro.t_max: 2.469136e-06
  micro.dt: 2.469136e-08
  macro.t_max: 0.0001234568
  macro.dt: 2.469136e-06
  x_max: 1.0
  dx: 0.01
  k: -40500.0
  d: 0.0405
